1746233647183814681748752364621723672365439127436273467834617642346
1418746247176462354174617463274617412462734623746146273647341894653
5825774651894627568956475619842375618947245646237856894773562783445
1746233647183814681748752364621723672365439127436273467834617642346
1418746247176462354174617463274617412462734623746146273647341894653
5825774651894627568956475619842375618947245646237856894773562783445
1746233647183814681748752364621723672365439127436273467834617642346
1418746247176462354174617463274617412462734623746146273647341894653
5825774651894627568956475619842375618947245646237856894773562783445
1746233647183814681748752364621723672365439127436273467834617642346
1418746247176462354174617463274617412462734623746146273647341894653
5825774651894627568956475619842375618947245646237856894773562783445
1746233647183814681748752364621723672365439127436273467834617642346
1418746247176462354174617463274617412462734623746146273647341894653
5825774651894627568956475619842375618947245646237856894773562783445
1746233647183814681748752364621723672365439127436273467834617642346
1418746247176462354174617463274617412462734623746146273647341894653
5825774651894627568956475619842375618947245646237856894773562783445
1746233647183814681748752364621723672365439127436273467834617642346
1418746247176462354174617463274617412462734623746146273647341894653
5825774651894627568956475619842375618947245646237856894773562783445
1746233647183814681748752364621723672365439127436273467834617642346
1418746247176462354174617463274617412462734623746146273647341894653
5825774651894627568956475619842375618947245646237856894773562783445
1746233647183814681748752364621723672365439127436273467834617642346
1418746247176462354174617463274617412462734623746146273647341894653
5825774651894627568956475619842375618947245646237856894773562783445
1746233647183814681748752364621723672365439127436273467834617642346
1418746247176462354174617463274617412462734623746146273647341894653
5825774651894627568956475619842375618947245646237856894773562783445
1746233647183814681748752364621723672365439127436273467834617642346
1418746247176462354174617463274617412462734623746146273647341894653
5825774651894627568956475619842375618947245646237856894773562783445
1746233647183814681748752364621723672365439127436273467834617642346
1418746247176462354174617463274617412462734623746146273647341894653
5825774651894627568956475619842375618947245646237856894773562783445
