5817
8869
9437
3852
5607
5782
333
8648
2290
255
7030
753
6141
4151
1949
2798
5888
8582
129
2843
1882
23
3707
3751
7632
1487
2457
9452
5158
8931
9805
8206
5031
9241
2057
637
2254
9621
6516
1775
9876
777
2527
3248
4928
4475
6045
8047
289
3405
889
9402
659
1828
384
8290
3314
73
4974
5703
9003
4778
3909
4034
1250
3197
1902
736
2818
8418
2510
9925
9194
5037
3172
1353
9511
6448
9399
9799
7084
7520
6433
7742
9347
6816
3263
9892
6888
8236
5594
5891
245
6734
9924
1495
9931
9057
2230
9980
7474
1971
9904
3900
7007
307
5252
6518
6754
1883
3548
1069
6634
9980
8810
3212
4028
2072
3103
915
308
5928
6805
7784
2662
3960
6510
9824
249
5971
9803
7722
7942
6938
8853
4948
7244
1337
8697
1229
3219
2245
2297
9852
9456
1106
295
715
409
3397
1630
716
6556
5666
5732
9217
9626
2241
6272
9874
8212
6074
4827
6153
243
912
8332
7486
2248
7029
8714
5466
6505
8242
2549
3192
9347
2843
3907
9756
3471
5536
7703
26
1201
666
6475
8058
2907
2746
5163
1118
6052
7222
4502
6294
8133
65
1012
380
7093
9725
3077
829
5199
2857
4021
1777
5699
7927
1532
6401
694
6467
6426
9126
7132
132
4416
7270
110
6810
5619
6161
4031
120
2454
9395
185
697
9774
4509
422
82
5338
2852
2938
9358
4628
5868
4516
3392
2268
2441
9858
5926
1566
4221
6057
3213
1491
6166
23
4341
2326
1285
1693
2012
680
1877
2708
7685
3617
361
7767
8954
444
7936
5543
5072
3804
7290
8463
6071
9730
5552
1996
8528
9772
5285
8972
8494
1450
8994
67
1008
7511
1759
251
8190
867
190
3106
4483
7783
8104
669
8226
6040
3443
529
9843
733
8991
3145
7694
4542
2373
3453
1546
4889
2425
7271
3570
8650
7337
1809
6160
9095
2059
1581
9961
9481
1919
4444
4495
22
2344
9952
6061
5786
481
3135
6518
9471
3512
1444
1245
3116
4896
2790
8004
4552
60
1573
434
4629
3382
6593
3723
2672
5406
3684
9384
7324
5359
1110
7345
7702
1062
638
3487
8774
1004
7237
5476
4515
8680
6720
7630
807
6741
2865
2591
4033
4438
3024
8661
7819
9616
2383
7722
2253
3298
7106
9576
8656
8215
4153
3589
6508
2022
4308
5281
3025
1544
757
4772
7455
4708
9633
5493
1449
2498
8083
5481
6935
1106
4141
1985
7954
3755
9706
206
7053
4043
7014
2940
2258
8398
3761
5997
419
8068
1278
675
9611
9266
5446
4297
3973
2311
9789
5421
4808
7872
8133
8974
6209
2273
958
4162
3260
7895
1600
7544
9170
8613
483
8659
7010
1475
4655
4660
9542
3164
5334
6384
2429
8012
680
6402
322
7701
9054
2361
2804
7187
1334
9012
6691
9523
3174
7182
4649
4773
4725
3818
617
2440
2476
4858
3914
4363
9517
3456
7526
2082
9839
9955
93
7751
3588
7646
5451
2641
6
8254
7059
1339
4497
982
8093
7670
8163
2742
9674
120
6559
290
2559
6267
2379
3704
629
1895
7159
8154
1209
4230
5340
1301
9212
8927
6179
1894
8800
3416
147
3090
1987
1875
1303
79
9545
6698
2820
6450
6817
6611
3972
6607
109
6350
310
737
5477
4701
6122
6685
8930
1462
5217
5373
7620
1395
7266
3651
4811
4644
3973
6797
6518
5275
4107
3294
1972
6927
9744
6020
769
947
2626
877
7296
168
1613
2772
4868
4966
9456
1029
3659
1905
6401
8511
3299
3666
2161
5341
8309
3365
9369
4826
5872
3476
8120
5075
7634
5095
1095
8402
6041
952
9278
568
1119
8122
3340
5986
319
27
7014
3978
1931
3414
2488
2462
4311
1880
7802
2619
2477
4403
4677
8348
7878
28
3422
5511
5122
1748
1144
8394
2700
7653
8961
1050
3006
2300
7036
3324
9559
1281
4533
8721
4695
4252
1182
9005
3364
6216
8856
5840
618
764
1419
5727
791
4840
1237
3144
3820
9612
1537
6519
7264
497
7568
269
29
1835
824
6819
3116
5357
5539
5042
9608
3953
1278
2971
168
133
8810
8017
896
228
3743
1686
2300
2211
2061
6119
1822
3597
9869
6317
1326
4668
6585
1354
6503
7408
8172
6850
2764
942
1891
9604
4894
3168
2574
2293
533
8616
309
1428
6075
4051
346
5606
3493
2406
1724
5314
3235
8824
1630
4560
724
5446
5913
7226
86
1316
1307
81
2257
3197
9684
4383
6364
9490
6675
6896
5337
6984
5556
1411
8266
3133
7017
1759
5538
5972
4304
8772
2028
3166
563
2751
5843
6475
7208
5928
5022
8514
3241
4511
1710
156
8893
5305
9645
2799
9433
2213
7014
4988
3624
5280
8120
7872
4270
889
1075
8573
6893
3102
8970
7455
3084
4813
1162
291
7972
6183
8804
1212
7925
7745
1368
4049
3050
8244
6848
2482
457
3861
4701
1312
6372
52
6415
641
8172
7489
6446
5064
7823
2647
9751
906
7459
912
1197
5431
4326
7232
3874
2251
4977
2473
6299
5258
7949
378
4971
5637
1471
9671
6948
7842
6954
594
5715
5125
8082
9392
7421
5904
2038
7171
4042
9497
5314
5238
2159
9639
2469
3264
9121
4677
5737
2652
9934
3685
3029
4904
9321
4499
1806
3500
9573
5991
4093
5287
1116
9406
1910
5768
2542
3947
170
6583
675
5483
1820
65
2353
1520
3329
8706
3429
9065
1357
594
9981
1617
5498
6533
3348
4535
32
2920
526
1356
5438
8873
761
7347
1872
534
1293
2041
7116
1968
4755
6167
2032
7107
4919
2592
3044
8347
1656
4400
8940
1636
3249
1669
5400
6596
6204
2663
9515
3961
4018
4952
65
2011
2298
1936
2544
822
3976
9660
21
8730
3058
9285
3068
7976
1876
6112
6322
764
7743
2494
9631
991
4162
5031
7586
7597
7693
4332
1557
8943
9283
1621
953
8812
788
728
6866
4763
7619
4118
724
677
3402
3792
8652
2510
9903
2206
3273
4877
1931
135
5868
6092
5165
685
921
90
5017
9709